8.961133281371280734e-01 -1.992397852973809558e-01 3.517396207054994672e-01 -1.832038490742071701e-01
9.757086908323354679e-01 1.890368168415149652e-01 -1.106773998516981106e-01 -2.854062848794721666e-03
9.435332041465209763e-01 -2.631379079064584681e-01 1.860583416867890583e-02 -2.003930064410925638e-01
9.014728260846248675e-01 -3.201942859122909324e-01 5.447290166285388008e-02 2.861032437504811288e-01
8.967638236440798050e-01 -2.769469303382271486e-01 3.188337590624011342e-01 1.321365826015718226e-01
9.025494643953041463e-01 2.556555361297414009e-01 -2.966129139497832301e-01 1.790683959948906334e-01
8.760787724715455305e-01 3.168464265212730391e-01 -3.354240064297951962e-01 -1.399466410316239917e-01
9.135961690132847757e-01 3.469169543488646035e-01 2.109435786510793776e-01 2.221426063216468128e-02
9.647971638470181910e-01 -1.988604598665244527e-01 7.893638365845191684e-02 1.529378876189616265e-01
9.749035668911055774e-01 -3.307511753549657874e-02 -1.222529023710311885e-01 1.830936911116060328e-01
9.292380885658422240e-01 1.307758986208109112e-02 -9.685172790141845234e-02 3.563218968915730089e-01
8.723494192363518973e-01 -5.823654479098461234e-02 -3.355413258502188967e-01 -3.507520694956550167e-01
9.121639695049349461e-01 -2.090984486382191365e-01 -1.967509086593514922e-01 2.924445442401168438e-01
9.159276668524376497e-01 -2.434226785280443339e-01 1.557467195936733106e-01 2.785047001547588663e-01
9.636650343057487911e-01 -8.723965874925768138e-02 -2.240296293113310244e-01 1.164030445840687489e-01
9.766957775332347769e-01 1.719230092167693402e-01 -1.134757466439224594e-01 -6.025854274876699807e-02
8.654690386993921791e-01 2.981148799345762490e-01 2.392189547752047174e-01 3.238288947740794455e-01
9.582084729765232289e-01 2.276337081817526517e-02 2.784717058247806465e-01 6.141547296920370907e-02
9.917257009657460820e-01 -7.302788743100234459e-02 -1.041967203964252048e-01 1.703247368980784909e-02
8.987214733088889629e-01 -1.470732657364198226e-01 3.722167261279938910e-01 1.792313496843744303e-01
9.949098740761649351e-01 9.934641872495365844e-02 1.608386361749576318e-02 -5.093219356159355872e-03
9.281365136440059560e-01 -2.610668879544054688e-01 -2.477760011700625431e-01 9.494074625114906629e-02
8.986760871061943989e-01 2.690306032969548289e-01 -3.232399851398239377e-01 -1.245782363014622945e-01
9.968660606601070784e-01 -5.037384126850163318e-02 -3.384650160984875589e-02 5.074394100412756015e-02
9.453059794399906179e-01 -4.835478544029650494e-02 -1.770169411068693854e-01 -2.696728064176847628e-01
8.715934076757062554e-01 3.203015185564205836e-01 1.674000649111263839e-01 3.312236210997815955e-01
9.166127405911399517e-01 -3.505078015090502541e-01 1.775547827183358296e-01 7.375407786106985553e-02
9.051151218034368950e-01 2.213123928111281891e-01 1.508377170031087455e-01 3.302051244306377087e-01
9.297407856385296876e-01 3.179123270823051017e-01 -1.283132028559326732e-01 -1.343485979912547590e-01
9.489280412253344732e-01 -2.156362902653318203e-01 -1.062158340748777657e-01 2.043398137628436306e-01
9.516725115624071751e-01 -2.160072230486122513e-01 -1.157137169347590040e-02 2.180055359032393447e-01
9.648547083391625367e-01 2.022354420990040980e-01 -1.982943194103911275e-02 1.666223615955134130e-01
9.070528428987750802e-01 2.592182230519410324e-01 3.285875159077417673e-01 -4.573070540264771028e-02
8.837307606426292317e-01 -3.082197247367004511e-01 3.517858788575787821e-01 1.634745893506222778e-02
9.509055933635052194e-01 1.368300385643257955e-01 -2.811977330831664373e-02 -2.761618572605094579e-01
9.220815717141027656e-01 2.957989278837029334e-01 -1.865626861260509528e-01 -1.657194421712025190e-01
9.344012011591971145e-01 -2.273683899313995796e-02 -3.531423452920318118e-01 -4.084011981487618848e-02
9.231936216095193437e-01 -1.136454600670102066e-01 2.978063444739869614e-01 -2.147315245060646416e-01
8.955269306811772800e-01 -2.676695824850194860e-01 -3.342960798440893222e-01 1.209571909310047516e-01
9.800627786613980152e-01 1.037256327492832170e-01 -2.961433075248522812e-02 -1.668560289811045205e-01
9.495678969714330675e-01 2.999962874554819026e-01 5.126080257185329503e-02 -7.546765316257894596e-02
9.016389067333164808e-01 1.953706343437465742e-01 -1.471003772929708742e-01 -3.567058677694237012e-01
9.891259466275011958e-01 -7.887594774562163916e-03 1.191136292779547828e-01 8.590454514841602829e-02
9.556941902975554237e-01 -1.281472522624899427e-02 2.606471371374581292e-01 -1.361890867541259431e-01
9.334779509324256930e-01 2.181102212103378513e-01 -1.203505704849097552e-01 2.579972610523882381e-01
9.862917681068064102e-01 -8.782725825275674095e-03 -1.459662727044583608e-01 7.645429435025741238e-02
9.912443055803650260e-01 4.834381095434538145e-02 2.386596900188292167e-02 -1.205322285553189765e-01
9.481471017286823288e-01 -1.009027225159483780e-02 3.009403757935967261e-01 -1.017356874778834464e-01
9.150339626526164949e-01 3.320966467146961310e-01 -1.731992478469712160e-01 1.497554171919925903e-01
9.041843499671403661e-01 3.254548305319430734e-01 7.120332168034257392e-02 -2.673198487572702731e-01
9.091790580625469520e-01 1.169174465292985438e-01 3.050126582168222189e-01 -2.582460636777965668e-01
9.695416775452461167e-01 -8.657509339387342573e-02 1.234556650133165762e-01 1.930087756624344619e-01
8.727931347573146814e-01 -3.429357799278957564e-01 -1.005565230510121338e-01 3.324388371379569662e-01
9.713780705634135204e-01 2.062457835964595643e-01 -5.422282498713905385e-02 1.046288967140362736e-01
9.064270112434591464e-01 2.413676001047323216e-01 9.493160610354318962e-02 -3.333462840208867295e-01
9.853832865771064986e-01 1.675882500257802263e-02 1.055971899129745373e-01 -1.326203370585226360e-01
9.124510326232583290e-01 5.754854941258109001e-03 1.654327079711559179e-01 -3.742085165288001614e-01
9.599660492098145426e-01 8.597797885792853034e-02 -2.107941021783176494e-01 -1.632140251413541632e-01
9.660054488857712229e-01 -1.107586511695679427e-01 1.671733140085609470e-01 -1.631535381090249426e-01
9.518187584503680077e-01 2.754773109710159651e-02 -6.540698288010249328e-02 2.983355496147311881e-01
9.129328414231794309e-01 1.230072533878829727e-01 3.639502521567894999e-01 1.377064145927068828e-01
9.285571886766048610e-01 3.708567491243155989e-01 4.190803212448995785e-03 -1.514120716386081582e-02
9.157239733399470394e-01 -3.507647351828877547e-01 -1.423919294546276415e-01 1.346782967993243874e-01
9.765797745175506250e-01 1.670089299061132404e-02 8.321383382167728271e-02 -1.977080727670582905e-01
9.824416396520713191e-01 1.850568670737693655e-01 -2.367826249426532859e-02 1.311682829022966157e-03
8.901940410417551464e-01 3.306136022262571861e-01 1.124102685093988918e-01 2.925972434087051322e-01
9.298834601977014058e-01 1.707114688499012101e-01 1.102189143312217248e-02 -3.256575851459561077e-01
9.676023770168974414e-01 -3.140961627125293115e-02 1.154790097488150036e-01 -2.223143591952073117e-01
9.010770915604282560e-01 -3.109805759341121023e-01 2.550465714770480119e-01 -1.621801554891688091e-01
9.348600464911847041e-01 1.921735296963293649e-01 6.818489691506313642e-04 -2.985055494300520862e-01
8.692939123264066259e-01 3.565107247338400454e-01 2.997241777788707262e-01 1.655101640286240905e-01
9.534747217042516265e-01 1.456839025298226620e-01 2.274570735922173403e-01 -1.338859039912181359e-01
9.204141373855847519e-01 -3.451168502152700546e-01 -1.124193700140980606e-01 1.452379449175527359e-01
9.056183320320433383e-01 -2.349531887902256699e-01 -3.292408987529081843e-01 1.274867301062425629e-01
9.778171900814334183e-01 1.015780018445446853e-01 1.383458908657990150e-01 1.200660934780011097e-01
9.017089035403833552e-01 3.601132993193287835e-01 2.763368231828407240e-02 2.376464696368950358e-01
9.305554104330650000e-01 -2.632446080296236834e-01 9.495273942112326948e-02 2.361204813935124658e-01
9.783157757439567836e-01 1.035266528863033747e-01 -1.259828885253778119e-01 1.277058607561184500e-01
9.399586192814554098e-01 3.853125481995640922e-02 -7.079954738578729534e-02 3.316331716376804684e-01
9.752984869864199657e-01 1.046122781042137240e-01 -1.938643252943632322e-01 1.630202226743552099e-02
9.132532728838150815e-01 -3.320544837849029873e-01 -1.917461559897543355e-01 -1.376288161269087207e-01
9.371779505036650360e-01 7.541595577711186771e-02 2.308089008921987151e-01 -2.504738987857015320e-01
9.227196317006320925e-01 4.449201097642427327e-02 -2.676881537577473491e-01 -2.737736192026039017e-01
9.949380824086492270e-01 -8.255156655670653487e-02 5.723953744148243400e-02 -2.662026581155920325e-03
9.168590098312553449e-01 -1.848084038165768161e-01 -2.427985000419922157e-01 2.574185275915038540e-01
9.774718058513247598e-01 -7.384646450157755782e-02 -3.259139524034156132e-02 -1.950214588260869297e-01
9.665696449876234331e-01 1.053933704497894974e-01 -6.637173715044743239e-02 -2.241208409795157619e-01
9.790065739114063303e-01 7.220482235792990977e-02 1.132373450399520309e-01 1.533293695115603983e-01
9.696841329864844816e-01 1.076523627865067813e-02 -7.783970581491417295e-02 -2.313823072768581846e-01
9.280016530400148067e-01 2.097355574146380353e-01 -9.668836497513245976e-02 -2.923615706439658957e-01
9.071764528257443283e-01 2.732628322533036114e-01 2.430526263742547877e-01 -2.080474194984879288e-01
9.428785269060380170e-01 -2.130168442089663550e-01 1.393932852310013348e-01 -2.148800121352886505e-01
9.014286240095495950e-01 -2.026936541810580861e-01 3.289645945102580016e-01 1.952537168139988344e-01
9.126958781345242411e-01 -1.661732798118380483e-01 1.955471342824702530e-01 3.180157124840535254e-01
9.178029039901488551e-01 1.380359976392770971e-01 3.179100584098775717e-01 1.936932821364948931e-01
8.822702974525437059e-01 3.358835972043411333e-01 2.732251828574547292e-01 -1.847412536889972423e-01
9.410503094783243538e-01 -6.706519915681688482e-02 -2.911807795022597900e-01 1.585570173195209598e-01
8.660973694699403147e-01 3.106897276558860943e-01 -2.993711312569004024e-01 -2.524364583342213475e-01
8.783964942934369136e-01 -2.526651559185421614e-01 -2.550921010519176524e-01 3.154487878857311078e-01
9.003415032705645027e-01 3.692970328434748151e-01 -1.313350655381049503e-01 -1.890925159323002813e-01
9.528338619194062220e-01 1.232087816931375229e-01 1.799244180068659271e-01 -2.110792066934432110e-01
9.174272469772467575e-01 -3.441635444659317256e-01 -9.597466874226243116e-02 1.751215695572922448e-01
9.577712833916822710e-01 2.605678897068028910e-01 5.615760335501281120e-02 1.078186771826401824e-01
9.847339685308414969e-01 -3.012091645799383835e-02 -1.714400631456131086e-01 2.153180409893800903e-04
8.939420699286112493e-01 3.347604911212759271e-01 -2.931586139811793168e-01 5.348846833314594568e-02
9.494401766763667094e-01 4.101266802018276036e-02 2.290729987076619290e-01 2.107293838972054689e-01
9.546045430027556566e-01 3.800784886151931802e-02 1.761081171366985221e-01 -2.372161482319170844e-01
8.736697893623768252e-01 -3.581933339790859261e-01 -1.911642211597461838e-01 -2.680575967900084566e-01
9.649915722098304505e-01 4.905005681719099703e-02 -8.746113001767510942e-02 -2.423549220178159436e-01
9.472721017363490148e-01 -2.635610838723774774e-01 -2.756559970454210140e-02 -1.801423272108657603e-01
9.391244569527247288e-01 1.928011247278492712e-01 -2.718116326835597757e-02 2.830797856087665654e-01
9.003530763035410001e-01 2.152566073816461756e-01 -3.318311153728903395e-01 -1.814305427420568884e-01
8.841172078098582521e-01 -2.171977132822358880e-01 -2.597631835316269733e-01 3.220015600598573613e-01
9.175777551342719773e-01 -1.043075099177999954e-01 -1.212657567706526412e-01 3.639582708118321297e-01
9.166141976439706740e-01 -4.698667234420177141e-02 -3.566178326008163091e-01 1.744545406993316394e-01
9.601075566829740948e-01 2.410117588822660584e-02 -3.723641756319065466e-02 -2.760906773654527302e-01
9.561900725872970463e-01 -2.483257299130354478e-01 -2.738053976615826071e-02 1.525948327787412240e-01
9.952423072266121107e-01 -9.661610294333941584e-02 -4.209230758307066014e-03 1.184740202387397912e-02
8.745450077162981728e-01 -3.551158988390941129e-01 -1.969670125151902484e-01 2.650805987827912213e-01
9.726411656800777461e-01 -5.257991135812615374e-02 1.856901169814983432e-01 -1.293201306891897662e-01
9.630077514934654026e-01 8.063113882667885535e-02 -1.507199301662613677e-01 2.083223287736820084e-01
9.842321914133117522e-01 -2.050416887581763686e-02 1.681087408055590704e-01 -5.104922829222138109e-02
9.886982729942184189e-01 9.191377256858279665e-02 3.844674130264897488e-02 1.120242450261014766e-01
9.529415812865970059e-01 2.662066589492557145e-01 1.333112863093032507e-01 5.713543846540204696e-02
9.730546425405667277e-01 5.257836206426217546e-02 1.916918314838513826e-01 -1.168521296992744152e-01
